=== Run information ===

Scheme:weka.classifiers.trees.RandomForest -I 10 -K 0 -S 1
Relation:     tmp
Instances:    42114
Attributes:   698
[list of attributes omitted]
Test mode:split 66.0% train, remainder test

=== Classifier model (full training set) ===

Random forest of 10 trees, each constructed while considering 10 random features.
Out of bag error: 0.2779



Time taken to build model: 24.41 seconds

=== Evaluation on test split ===
=== Summary ===

Correctly Classified Instances       11581               80.8786 %
Incorrectly Classified Instances      2738               19.1214 %
Kappa statistic                          0.7763
Mean absolute error                      0.0073
Root mean squared error                  0.0612
Relative absolute error                 32.3367 %
Root relative squared error             57.7665 %
Total Number of Instances            14319     

=== Detailed Accuracy By Class ===

               TP Rate   FP Rate   Precision   Recall  F-Measure   ROC Area  Class
                 0.187     0.015      0.237     0.187     0.209      0.69     -1
                 0.914     0.075      0.849     0.914     0.881      0.972    0
                 0.2       0          1         0.2       0.333      0.799    1
                 0.4       0.001      0.552     0.4       0.464      0.884    10
                 0.346     0.001      0.31      0.346     0.327      0.765    11
                 0.933     0.004      0.957     0.933     0.945      0.985    12
                 0         0          0         0         0          0.623    13
                 0.3       0.001      0.25      0.3       0.273      0.748    14
                 0         0          0         0         0          0.544    15
                 0.813     0          0.813     0.813     0.813      0.937    16
                 0.553     0          0.75      0.553     0.636      0.906    17
                 0.385     0          0.455     0.385     0.417      0.806    18
                 0.3       0          0.5       0.3       0.375      0.649    19
                 0.829     0.003      0.833     0.829     0.831      0.975    2
                 0.781     0.007      0.744     0.781     0.762      0.953    20
                 0         0          0         0         0          0.499    21
                 0.86      0.01       0.794     0.86      0.825      0.973    22
                 0.083     0          0.167     0.083     0.111      0.745    23
                 0.5       0          1         0.5       0.667      0.937    24
                 0.04      0          0.333     0.04      0.071      0.655    25
                 0.125     0          0.2       0.125     0.154      0.56     26
                 0.35      0.001      0.483     0.35      0.406      0.895    27
                 0.217     0          0.417     0.217     0.286      0.845    28
                 0.158     0          0.5       0.158     0.24       0.76     29
                 0         0          0         0         0          0.852    3
                 0         0          0         0         0          0.799    30
                 0         0          0         0         0          0.635    31
                 0.143     0          0.5       0.143     0.222      0.784    32
                 0         0          0         0         0          0.634    34
                 0         0          0         0         0          0.498    35
                 0.874     0.012      0.787     0.874     0.828      0.986    36
                 0.2       0          1         0.2       0.333      0.748    37
                 0.357     0.001      0.517     0.357     0.423      0.89     38
                 0.421     0.003      0.644     0.421     0.51       0.914    39
                 0.707     0.001      0.788     0.707     0.745      0.937    4
                 0.316     0.001      0.571     0.316     0.407      0.904    40
                 0.519     0.005      0.369     0.519     0.432      0.911    41
                 0.575     0.003      0.575     0.575     0.575      0.914    42
                 0.258     0.002      0.462     0.258     0.331      0.82     43
                 0         0          0         0         0          0.697    44
                 0         0          0         0         0          0.533    45
                 0         0          0         0         0          0.498    46
                 0         0          0         0         0          0.698    47
                 0.074     0.001      0.2       0.074     0.108      0.665    48
                 0.88      0.007      0.883     0.88      0.882      0.98     49
                 0.11      0.002      0.225     0.11      0.148      0.657    5
                 0.083     0          0.5       0.083     0.143      0.747    50
                 0.936     0.012      0.887     0.936     0.911      0.988    51
                 0.907     0.015      0.837     0.907     0.871      0.986    52
                 0.143     0          1         0.143     0.25       0.57     53
                 0.077     0          0.333     0.077     0.125      0.65     54
                 0         0          0         0         0          0.54     55
                 0         0          0         0         0          0.624    56
                 0.143     0          0.2       0.143     0.167      0.57     57
                 0         0          0         0         0          0.598    58
                 0.968     0.002      0.943     0.968     0.956      0.995    59
                 0.125     0          0.444     0.125     0.195      0.809    6
                 0         0          0         0         0          0.683    60
                 0.235     0          0.444     0.235     0.308      0.85     61
                 0.196     0.001      0.44      0.196     0.272      0.853    62
                 0.25      0          1         0.25      0.4        0.687    63
                 0         0          0         0         0          0.598    64
                 0.786     0.023      0.686     0.786     0.733      0.965    65
                 0.292     0.001      0.618     0.292     0.396      0.818    66
                 0.165     0.001      0.433     0.165     0.239      0.657    67
                 0.25      0          0.5       0.25      0.333      0.707    68
                 0.4       0          1         0.4       0.571      0.699    69
                 0.674     0.002      0.738     0.674     0.705      0.949    7
                 0.44      0.001      0.537     0.44      0.484      0.875    70
                 0.143     0          1         0.143     0.25       0.642    71
                 0.294     0          1         0.294     0.455      0.999    72
                 0.406     0          0.765     0.406     0.531      0.889    73
                 0         0          0         0         0          0.599    74
                 0.235     0          0.571     0.235     0.333      0.702    75
                 0         0          0         0         0          0.572    76
                 0         0          0         0         0          0.569    8
                 0         0          0         0         0          0.999    9
Weighted Avg.    0.809     0.03       0.787     0.809     0.793      0.95 

=== Confusion Matrix ===

    a    b    c    d    e    f    g    h    i    j    k    l    m    n    o    p    q    r    s    t    u    v    w    x    y    z   aa   ab   ac   ad   ae   af   ag   ah   ai   aj   ak   al   am   an   ao   ap   aq   ar   as   at   au   av   aw   ax   ay   az   ba   bb   bc   bd   be   bf   bg   bh   bi   bj   bk   bl   bm   bn   bo   bp   bq   br   bs   bt   bu   bv   bw   bx   by   <-- classified as
   67   85    0    4    2   13    0    2    0    2    2    1    1    7   11    0   20    0    0    1    0    2    0    0    0    0    0    0    0    0    6    0    3    0    3    2    2    4    2    1    0    0    0    1   15    0    0   36   13    0    0    0    2    4    1    7    1    0    0    0    0    1   24    0    0    0    0    3    4    0    0    2    0    0    0    0    1 |    a = -1
   21 4152    0    2    0   17    1    0    0    0    3    3    0   10   27    0   31    0    0    0    0    1    0    0    0    0    0    0    0    0   52    0    1    6    2    0   10    5    4    0    0    0    0    1   38    2    1   31   39    0    0    0    0    0    0   14    0    0    2    0    0    0   47    6    0    0    0    8    5    0    0    0    0    0    0    0    0 |    b = 0
    0    6    2    0    0    0    0    0    0    0    0    0    0    1    0    0    0    0    0    0    0    0    0    0    0    0    0    0    0    0    0    0    0    0    0    0    0    1    0    0    0    0    0    0    0    0    0    0    0    0    0    0    0    0    0    0    0    0    0    0    0    0    0    0    0    0    0    0    0    0    0    0    0    0    0    0    0 |    c = 1
    8   12    0   16    0    2    0    0    0    0    0    0    0    0    0    0    0    0    0    0    0    0    0    0    0    0    0    0    0    0    0    0    0    0    0    0    0    0    0    0    0    0    0    0    0    0    0    1    1    0    0    0    0    0    0    0    0    0    0    0    0    0    0    0    0    0    0    0    0    0    0    0    0    0    0    0    0 |    d = 10
    0    1    0    0    9    1    0    0    0    0    0    0    0    0    0    0    0    0    0    0    0    0    0    0    0    0    0    0    0    0    0    0    0    0    0    0    0    0    0    0    0    0    0    0    0    1    0    1    0    0    0    0    0    0    0    0    0    0    0    0    0    0   13    0    0    0    0    0    0    0    0    0    0    0    0    0    0 |    e = 11
   10   17    0    0    1 1046    0    0    0    0    0    0    0    0    0    0    0    0    0    0    0    0    0    0    0    0    0    0    0    0    0    0    0    0    0    0    0    0    0    0    0    0    0    0    0    0    0    0   41    0    0    0    0    0    0    0    0    0    0    0    0    0    6    0    0    0    0    0    0    0    0    0    0    0    0    0    0 |    f = 12
    0    1    0    0    0    0    0    0    0    0    0    0    0    0    0    0    3    0    0    0    0    0    0    0    0    0    0    0    0    0    0    0    0    0    0    0    0    0    0    0    0    0    0    0    0    0    0    0    0    0    0    0    0    0    0    0    0    0    0    0    0    0    0    0    0    0    0    0    0    0    0    0    0    0    0    0    0 |    g = 13
    0    0    0    0    0    0    0    3    0    0    0    0    0    0    3    0    0    0    0    0    0    0    2    0    0    1    0    0    0    0    0    0    0    0    0    0    0    0    0    0    0    0    0    0    0    0    0    0    0    0    0    0    0    0    0    0    0    0    0    0    0    0    0    0    0    0    0    0    1    0    0    0    0    0    0    0    0 |    h = 14
    0    1    0    0    0    0    0    0    0    0    0    0    0    0    0    0    9    0    0    0    0    0    0    1    0    0    0    0    0    0    0    0    0    0    0    0    0    0    0    0    0    0    0    0    0    0    0    0    0    0    0    0    0    0    0    0    0    0    0    0    0    0    0    0    0    0    0    0    0    0    0    0    0    0    0    0    0 |    i = 15
    0    1    0    0    0    0    0    0    0   13    0    0    0    0    0    0    0    0    0    0    0    0    0    0    0    0    0    0    0    0    1    0    0    0    0    0    0    0    0    0    0    0    0    0    0    0    0    0    0    0    0    0    0    0    0    0    0    0    0    0    0    0    1    0    0    0    0    0    0    0    0    0    0    0    0    0    0 |    j = 16
    4    4    0    0    0    0    0    0    0    0   21    0    0    0    0    0    6    0    0    0    0    0    1    0    0    0    0    0    0    0    0    0    0    0    0    0    0    0    0    0    0    0    0    0    0    0    0    0    0    0    0    0    0    0    0    0    0    0    0    0    0    0    2    0    0    0    0    0    0    0    0    0    0    0    0    0    0 |    k = 17
    1    3    0    0    0    0    0    0    0    0    0    5    0    0    0    0    0    0    0    0    0    0    0    0    0    0    0    0    0    0    0    0    0    0    0    0    0    0    0    0    0    0    0    0    1    0    0    3    0    0    0    0    0    0    0    0    0    0    0    0    0    0    0    0    0    0    0    0    0    0    0    0    0    0    0    0    0 |    l = 18
    0    1    0    0    0    0    0    0    0    0    0    0    3    0    2    0    0    0    0    0    0    0    0    0    0    0    0    0    0    0    0    0    0    0    0    0    0    0    0    0    0    0    0    0    2    0    0    2    0    0    0    0    0    0    0    0    0    0    0    0    0    0    0    0    0    0    0    0    0    0    0    0    0    0    0    0    0 |    m = 19
    8   17    0    0    0    0    0    0    0    0    0    0    0  179    0    0    0    0    0    0    0    0    0    0    1    0    0    0    0    0    0    0    0    0    0    0    0    0    0    0    0    0    0    0    0    0    0    1    0    0    0    0    0    0    0    0    0    0    0    0    0    0    2    0    0    0    0    8    0    0    0    0    0    0    0    0    0 |    n = 2
    8   27    0    0    1    0    0    3    0    1    0    0    0    0  264    0    6    4    0    0    0    0    3    0    0    0    0    0    0    0    6    0    0    0    1    1    0    1    1    0    0    0    0    0    2    0    0    5    0    0    0    0    0    0    0    0    0    0    0    0    0    0    3    0    0    0    0    0    1    0    0    0    0    0    0    0    0 |    o = 20
    1    2    0    0    0    0    0    0    0    0    0    0    0    0    0    0    0    0    0    0    0    0    0    0    0    0    0    0    0    0    0    0    0    0    0    0    0    2    0    0    0    0    0    0    0    0    0    1    0    0    0    0    0    0    0    0    0    0    0    0    0    0    0    0    0    0    0    0    0    0    0    0    0    0    0    0    0 |    p = 21
    6   40    0    0    0    0    0    0    1    0    1    1    0    0    6    0  508    1    0    1    0    1    0    1    0    1    0    0    0    0    0    0    0    0    0    0    0    0    4    0    0    0    0    0    3    0    0    6    5    0    0    0    0    0    0    0    0    0    0    0    0    0    5    0    0    0    0    0    0    0    0    0    0    0    0    0    0 |    q = 22
    0    0    0    0    0    0    0    0    0    0    0    0    0    0    9    0    1    1    0    0    0    0    0    0    0    0    0    0    0    0    0    0    0    0    0    0    0    0    0    0    0    0    0    0    0    0    0    0    0    0    0    0    0    0    0    0    0    0    0    0    0    0    1    0    0    0    0    0    0    0    0    0    0    0    0    0    0 |    r = 23
    0    4    0    0    0    0    0    0    0    0    0    0    0    0    0    0    0    0    4    0    0    0    0    0    0    0    0    0    0    0    0    0    0    0    0    0    0    0    0    0    0    0    0    0    0    0    0    0    0    0    0    0    0    0    0    0    0    0    0    0    0    0    0    0    0    0    0    0    0    0    0    0    0    0    0    0    0 |    s = 24
    0    3    0    0    0    0    0    0    0    0    0    0    0    0    0    0   21    0    0    1    0    0    0    0    0    0    0    0    0    0    0    0    0    0    0    0    0    0    0    0    0    0    0    0    0    0    0    0    0    0    0    0    0    0    0    0    0    0    0    0    0    0    0    0    0    0    0    0    0    0    0    0    0    0    0    0    0 |    t = 25
    1    2    0    0    0    0    0    0    0    0    0    0    0    0    1    0    0    0    0    0    1    2    0    0    0    0    0    0    0    0    0    0    0    0    1    0    0    0    0    0    0    0    0    0    0    0    0    0    0    0    0    0    0    0    0    0    0    0    0    0    0    0    0    0    0    0    0    0    0    0    0    0    0    0    0    0    0 |    u = 26
    2   10    0    1    0    0    0    0    0    0    0    0    0    0    3    0    0    0    0    0    0   14    0    0    0    0    0    0    0    0    1    0    1    1    0    1    0    1    0    0    0    0    0    0    0    0    0    0    0    0    0    0    0    0    0    0    0    0    0    0    0    0    3    2    0    0    0    0    0    0    0    0    0    0    0    0    0 |    v = 27
    0    0    0    0    0    0    0    3    0    0    0    0    0    0   12    0    2    0    0    0    0    0    5    0    0    0    0    0    0    0    0    0    0    0    0    0    0    0    0    0    0    0    0    0    0    0    0    0    0    0    0    0    0    0    0    0    0    0    0    0    0    0    1    0    0    0    0    0    0    0    0    0    0    0    0    0    0 |    w = 28
    0    2    0    0    0    0    0    0    2    0    0    0    0    0    0    0    7    0    0    0    0    0    1    3    0    1    0    0    0    0    0    0    0    0    0    0    0    0    0    0    0    0    0    0    0    0    0    0    0    0    0    0    0    0    0    0    0    0    0    0    0    1    2    0    0    0    0    0    0    0    0    0    0    0    0    0    0 |    x = 29
    0    0    0    0    0    0    0    0    0    0    0    0    0   13    0    0    0    0    0    0    0    0    0    0    0    0    0    0    0    0    0    0    0    0    0    0    0    0    0    0    0    0    0    0    0    0    0    0    0    0    0    0    0    0    0    0    0    0    0    0    0    0    0    0    0    0    0    1    0    0    0    0    0    0    0    0    0 |    y = 3
    0    1    0    0    0    0    0    1    0    0    1    0    0    0    0    0    1    0    0    0    0    0    0    0    0    0    0    0    0    0    0    0    0    0    0    0    0    0    0    0    0    0    0    0    0    0    0    0    0    0    0    0    0    0    0    0    0    0    0    0    0    1    0    0    0    0    0    0    0    0    0    0    0    0    0    0    0 |    z = 30
    2    6    0    0    0    0    0    0    0    0    0    0    0    3    0    0    0    0    0    0    0    0    0    0    0    0    0    0    0    0    0    0    0    0    0    0    0    0    0    0    0    0    0    0    0    0    0    0    0    0    0    0    0    0    0    0    0    0    0    0    0    0    0    0    0    0    0    0    0    0    0    0    0    0    0    0    0 |   aa = 31
    1    0    0    3    0    0    0    0    0    0    0    0    0    0    0    0    0    0    0    0    0    0    0    0    0    0    0    1    0    0    0    0    0    0    0    0    0    0    0    0    0    0    0    0    0    0    0    0    0    0    0    0    0    0    0    0    0    0    0    0    0    0    2    0    0    0    0    0    0    0    0    0    0    0    0    0    0 |   ab = 32
    1    1    0    0    0    0    0    0    0    0    0    0    0    0    0    0    0    0    0    0    0    0    0    0    0    0    0    0    0    0    9    0    0    0    0    0    0    0    0    0    0    0    0    0    0    0    0    0    0    0    0    0    0    0    0    0    0    0    0    0    0    0    0    0    0    0    0    0    0    0    0    0    0    0    0    0    0 |   ac = 34
    1    0    0    0    0    0    0    0    0    0    0    0    0    0    0    0    0    0    0    0    0    1    0    0    0    0    0    0    0    0    0    0    2    1    0    0    0    0    0    0    0    0    0    0    0    0    0    0    0    0    0    0    0    0    0    0    0    0    0    0    0    0    0    0    0    0    0    0    0    0    0    0    0    0    0    0    0 |   ad = 35
    6   43    0    1    0    0    0    0    0    0    0    0    0    0   10    1    2    0    0    0    0    0    0    0    0    0    0    1    0    0  617    0    0   23    0    0    0    0    0    0    0    0    0    0    0    0    0    0    0    0    0    0    0    0    0    1    0    0    0    0    0    0    0    0    0    0    0    0    1    0    0    0    0    0    0    0    0 |   ae = 36
    0    4    0    0    0    0    0    0    0    0    0    0    0    0    0    0    0    0    0    0    0    0    0    0    0    0    0    0    0    0    1    2    0    0    0    0    1    0    0    0    0    0    0    0    0    0    0    0    0    0    0    0    1    0    0    1    0    0    0    0    0    0    0    0    0    0    0    0    0    0    0    0    0    0    0    0    0 |   af = 37
    4    8    0    0    0    0    0    0    0    0    0    0    0    0    1    0    0    0    0    0    0    0    0    0    0    0    0    0    0    1    3    0   15    5    0    3    1    0    0    0    0    0    0    0    0    0    0    1    0    0    0    0    0    0    0    0    0    0    0    0    0    0    0    0    0    0    0    0    0    0    0    0    0    0    0    0    0 |   ag = 38
    4    7    0    2    0    0    0    0    0    0    0    0    0    0    1    0    0    0    0    0    0    1    0    0    0    0    0    0    0    0   73    0    1   67    0    1    0    0    0    0    0    0    0    0    0    0    0    0    0    0    0    0    0    0    0    1    0    0    0    0    0    0    1    0    0    0    0    0    0    0    0    0    0    0    0    0    0 |   ah = 39
    1    8    0    0    0    0    0    0    0    0    0    0    0    0    0    0    0    0    0    0    0    0    0    0    0    0    0    0    0    0    0    0    0    0   41    0    0    0    0    0    0    0    0    0    7    0    0    0    0    0    0    0    0    0    0    0    0    0    0    0    0    0    1    0    0    0    0    0    0    0    0    0    0    0    0    0    0 |   ai = 4
    6    4    0    0    0    0    0    0    0    0    0    0    0    0    1    0    3    0    0    0    3    7    0    0    0    0    0    0    0    0    0    0    2    0    0   12    0    0    0    0    0    0    0    0    0    0    0    0    0    0    0    0    0    0    0    0    0    0    0    0    0    0    0    0    0    0    0    0    0    0    0    0    0    0    0    0    0 |   aj = 40
    8   12    0    0    0    0    0    0    0    0    0    0    0    0    0    0    0    0    0    0    0    0    0    0    0    0    0    0    0    0    1    0    0    0    0    0   41    5    0    0    0    0    0    0    0    0    0    0    0    0    1    0    0    0    0    0    1    0    1    9    0    0    0    0    0    0    0    0    0    0    0    0    0    0    0    0    0 |   ak = 41
   10   16    0    0    0    0    0    0    0    0    0    0    0    0    1    0    0    0    0    0    0    0    0    0    0    0    0    0    0    0    0    0    0    0    0    0    4   61    0    0    0    0    0    0    2    0    0    2    0    0    0    0    0    0    0    0    3    0    0    2    0    0    2    0    0    3    0    0    0    0    0    0    0    0    0    0    0 |   al = 42
    8   22    0    0    0    0    0    0    0    0    0    0    0    0    1    0    7    0    0    0    0    0    0    0    0    0    0    0    0    0    1    0    0    0    0    0    0    0   24    0    1    0    0    0    0    0    0    6    6    0    0    0    0    0    0    0    0    0    0    0    0    0   17    0    0    0    0    0    0    0    0    0    0    0    0    0    0 |   am = 43
    0    0    0    0    0    0    0    0    0    0    0    0    0    0    0    0    0    0    0    0    0    0    0    0    0    0    0    0    0    0    0    0    0    0    0    0    0    0    0    0    0    0    0    0    0    1    0    0    0    0    0    0    0    0    0    0    0    0    0    0    0    0    2    0    0    0    0    0    2    0    0    0    0    0    0    0    0 |   an = 44
    0    3    0    0    0    0    0    0    0    0    0    0    0    0    0    0    1    0    0    0    0    0    0    0    0    0    0    0    0    0    0    0    0    0    0    0    0    0    5    0    0    0    0    0    0    0    0    1    0    0    0    0    0    0    0    0    0    0    0    0    0    0    3    1    0    0    0    0    0    0    0    0    0    0    0    0    0 |   ao = 45
    1    2    0    0    0    0    0    0    0    0    0    0    0    0    0    0    0    0    0    0    0    0    0    0    0    0    0    0    0    0    0    0    0    0    0    0    0    0    0    0    0    0    0    0    0    0    0    1    0    0    0    0    0    0    0    0    0    0    0    0    0    0    0    0    0    0    0    0    0    0    0    0    0    0    0    0    0 |   ap = 46
    0    2    0    0    0    0    0    0    0    0    0    0    0    0    0    0    0    0    0    0    0    0    0    0    0    0    0    0    0    0    0    0    0    0    0    0    0    0    0    0    0    0    0    0    0    0    0    1    0    0    0    0    0    0    0    0    0    0    0    0    0    0    1    0    0    0    0    0    1    0    0    0    0    0    0    0    0 |   aq = 47
    0    1    0    0    0    0    0    0    0    0    0    0    0    0    0    0    0    0    0    0    0    0    0    0    0    0    0    0    0    0    1    0    0    0    0    0    0    0    0    0    0    0    0    4    0    0    0    1   46    0    0    0    0    0    0    0    0    0    0    0    0    0    0    0    0    0    0    0    0    0    0    0    0    0    1    0    0 |   ar = 48
    7   56    0    0    0    0    0    0    0    0    0    1    2    0    0    0    4    0    0    0    0    0    0    0    0    0    0    0    0    0    0    0    0    0    2    0    1    0    0    0    0    0    0    0  681    0    0   15    0    0    0    0    0    0    0    0    0    0    0    0    0    0    5    0    0    0    0    0    0    0    0    0    0    0    0    0    0 |   as = 49
    5    3    0    0    1    0    0    0    0    0    0    0    0    0    0    0    0    0    0    0    0    0    0    0    0    0    0    0    0    0    0    0    0    0    0    0    0    0    1    0    0    0    0    0    0    9    0    0    2    0    0    0    0    0    0    0    0    0    0    0    0    0   57    0    1    0    0    0    0    0    0    0    0    0    0    3    0 |   at = 5
    0    1    0    0    0    0    0    0    0    0    0    0    0    0    0    0    0    0    0    0    0    0    0    0    0    0    0    0    0    0    0    0    0    0    0    0    0    0    0    0    0    0    0    0    0    0    1    9    1    0    0    0    0    0    0    0    0    0    0    0    0    0    0    0    0    0    0    0    0    0    0    0    0    0    0    0    0 |   au = 50
    9   51    0    0    0    0    0    0    0    0    0    0    0    0    1    0    2    0    0    0    0    0    0    0    0    0    0    0    0    0    0    0    0    0    0    0    0    0    2    0    0    0    0    0   11    0    0 1252    5    0    0    0    0    0    0    0    0    0    0    0    0    0    4    0    0    0    0    1    0    0    0    0    0    0    0    0    0 |   av = 51
    9   45    0    0    0    9    0    0    0    0    0    0    0    0    0    0    0    0    0    0    0    0    0    0    0    0    0    0    0    0    3    0    0    0    0    0    0    0    2    0    0    0    0   13    0    0    0   10 1030    0    0    1    0    0    0    0    0    0    0    0    0    0    6    0    0    0    0    0    0    0    0    0    0    3    4    0    0 |   aw = 52
    0    1    0    0    0    0    0    0    0    0    0    0    0    0    0    0    0    0    0    0    0    0    0    0    0    0    0    0    0    0    0    0    0    0    0    0    0    0    0    0    0    0    0    0    0    0    0    5    0    1    0    0    0    0    0    0    0    0    0    0    0    0    0    0    0    0    0    0    0    0    0    0    0    0    0    0    0 |   ax = 53
    3    6    0    0    0    0    0    0    0    0    0    0    0    0    0    0    0    0    0    0    0    0    0    0    0    0    0    0    0    0    0    0    0    0    0    0   11    3    0    0    0    0    0    0    0    0    0    0    0    0    2    0    0    0    0    0    0    0    0    1    0    0    0    0    0    0    0    0    0    0    0    0    0    0    0    0    0 |   ay = 54
    0    0    0    0    0    0    0    0    0    0    0    0    0    0    0    0    0    0    0    0    0    0    0    0    0    0    0    0    0    0    0    0    0    0    0    0    0    0    1    0    0    0    0    1    0    0    0    0   10    0    0    0    0    0    0    0    0    0    0    0    0    0    0    0    0    0    0    0    0    0    0    0    0    0    0    0    0 |   az = 55
    1    2    0    0    0    0    0    0    0    0    0    0    0    0    0    0    0    0    0    0    0    0    0    0    0    0    0    0    0    0    0    0    0    0    0    0    1    0    0    0    0    0    0    0    0    0    0    0    0    0    0    0    0    0    0    0    0    0    0    0    0    0    0    0    0    0    0    0    0    0    0    0    0    0    0    0    0 |   ba = 56
    1    5    0    0    0    0    0    0    0    0    0    0    0    0    0    0    0    0    0    0    0    0    0    0    0    0    0    0    0    0    0    0    0    0    0    0    0    0    0    0    0    0    0    0    0    0    0    0    0    0    0    0    0    1    0    0    0    0    0    0    0    0    0    0    0    0    0    0    0    0    0    0    0    0    0    0    0 |   bb = 57
    5    4    0    0    0    0    0    0    0    0    0    0    0    0    0    0    0    0    0    0    0    0    0    0    0    0    0    0    0    0    0    0    0    0    0    0    0    0    0    0    0    0    0    0    0    0    0    0    0    0    0    0    1    0    0    0    0    0    0    0    0    0    0    0    0    0    0    0    0    0    0    0    0    0    0    0    0 |   bc = 58
    4    7    0    0    0    0    0    0    0    0    0    0    0    0    0    0    0    0    0    0    1    0    0    0    0    0    0    0    0    0    0    0    0    0    0    0    3    0    0    0    0    0    0    0    0    0    0    0    1    0    1    0    0    0    0  550    0    1    0    0    0    0    0    0    0    0    0    0    0    0    0    0    0    0    0    0    0 |   bd = 59
    2    4    0    0    0    0    0    0    0    0    0    0    0    1    0    0    0    0    0    0    0    0    0    0    0    0    0    0    0    0    0    0    0    0    0    0    1   14    0    0    0    0    0    0    0    0    0    6    0    0    0    0    0    0    0    0    4    0    0    0    0    0    0    0    0    0    0    0    0    0    0    0    0    0    0    0    0 |   be = 6
    0    0    0    0    0    0    0    0    0    0    0    0    0    0    0    0    0    0    0    0    0    0    0    0    0    0    0    0    0    0    0    0    0    0    0    0    0    0    0    0    0    0    0    0    0    0    0    0    0    0    0    0    0    0    0    8    0    0    0    0    0    0    0    0    0    0    0    0    0    0    0    0    0    0    0    0    0 |   bf = 60
    1    4    0    0    0    0    0    0    0    0    0    0    0    0    0    0    0    0    0    0    0    0    0    0    0    0    0    0    0    0    0    0    0    0    0    0    7    0    0    0    0    0    0    0    0    0    0    0    0    0    0    0    0    0    0    0    0    0    4    1    0    0    0    0    0    0    0    0    0    0    0    0    0    0    0    0    0 |   bg = 61
    4    9    0    0    0    0    0    0    0    0    0    0    0    0    0    0    0    0    0    0    0    0    0    0    0    0    0    0    0    0    0    0    0    0    0    0   27    1    0    0    0    0    0    0    0    0    0    0    0    0    2    0    0    0    0    1    0    0    1   11    0    0    0    0    0    0    0    0    0    0    0    0    0    0    0    0    0 |   bh = 62
    1    2    0    0    0    0    0    0    0    0    0    0    0    0    0    0    0    0    0    0    0    0    0    0    0    0    0    0    0    0    0    0    0    0    0    0    0    0    0    0    0    0    0    0    1    0    0    1    0    0    0    0    0    0    0    0    0    0    0    0    2    0    1    0    0    0    0    0    0    0    0    0    0    0    0    0    0 |   bi = 63
    0    2    0    0    0    0    0    0    0    0    0    0    0    0    0    0    5    0    0    0    0    0    0    1    0    0    0    0    0    0    0    0    0    0    0    0    0    0    0    0    0    0    0    0    0    0    0    0    0    0    0    0    0    0    0    0    0    0    0    0    0    0    2    0    0    0    0    0    0    0    0    0    0    0    0    0    0 |   bj = 64
   15   80    0    0   12    5    0    0    0    0    0    0    0    0    1    0    1    0    0    0    0    0    0    0    0    0    0    0    0    0    1    0    0    0    1    1    0    0    0    0    0    1    0    0    4   26    0    4    9    0    0    0    0    0    0    0    0    0    0    0    0    0  683    4   16    0    0    0    2    0    0    0    0    0    0    3    0 |   bk = 65
    1   17    0    0    1    0    0    0    0    0    0    0    0    0    0    0    0    0    0    0    0    0    0    0    0    0    0    0    0    0    2    0    0    0    0    0    0    0    2    0    0    0    0    0    1    0    0    3    0    0    0    0    0    0    0    0    0    0    0    0    0    0   21   21    0    0    0    0    1    0    0    0    0    0    2    0    0 |   bl = 66
    4    3    0    0    1    0    0    0    0    0    0    0    0    0    0    0    0    0    0    0    0    0    0    0    0    0    0    0    0    0    0    0    0    0    0    0    0    0    0    0    0    0    0    0    0    1    0    2    0    0    0    0    0    0    0    0    0    0    0    0    0    0   54    0   13    0    0    0    1    0    0    0    0    0    0    0    0 |   bm = 67
    1    2    0    0    0    0    0    0    0    0    0    0    0    0    0    0    0    0    0    0    0    0    0    0    0    0    0    0    0    0    0    0    0    0    0    0    0    4    0    0    0    0    0    0    0    0    0    1    0    0    0    0    0    0    0    0    0    0    0    1    0    0    0    0    0    3    0    0    0    0    0    0    0    0    0    0    0 |   bn = 68
    0    5    0    0    0    0    0    0    0    0    0    0    0    0    0    0    0    0    0    0    0    0    0    0    0    0    0    0    0    0    0    0    0    0    0    0    0    1    0    0    0    0    0    0    0    0    0    0    0    0    0    0    0    0    0    0    0    0    0    0    0    0    0    0    0    0    4    0    0    0    0    0    0    0    0    0    0 |   bo = 69
    6   16    0    0    0    0    0    0    0    0    0    0    0    1    0    0    0    0    0    0    0    0    0    0    1    0    0    0    0    0    0    0    0    0    1    0    0    2    0    0    0    0    0    0    1    0    0    0    0    0    0    0    0    0    0    0    0    0    0    0    0    0    2    0    0    0    0   62    0    0    0    0    0    0    0    0    0 |   bp = 7
    3   13    0    0    0    0    0    0    0    0    0    0    0    0    0    0    0    0    0    0    0    0    0    0    0    0    0    0    0    0    6    0    0    0    0    0    0    0    2    0    0    0    2    0    0    0    0    1    0    0    0    0    0    0    0    0    0    0    0    0    0    0    1    0    0    0    0    0   22    0    0    0    0    0    0    0    0 |   bq = 70
    1    0    0    0    0    0    0    0    0    0    0    0    0    0    0    0    0    0    0    0    0    0    0    0    0    0    0    0    0    0    0    0    4    1    0    0    0    0    0    0    0    0    0    0    0    0    0    0    0    0    0    0    0    0    0    0    0    0    0    0    0    0    0    0    0    0    0    0    0    1    0    0    0    0    0    0    0 |   br = 71
    0   11    0    0    0    0    0    0    0    0    0    0    0    0    0    0    0    0    0    0    0    0    0    0    0    0    0    0    0    0    0    0    0    0    0    0    0    0    0    0    0    0    0    0    0    0    0    0    1    0    0    0    0    0    0    0    0    0    0    0    0    0    0    0    0    0    0    0    0    0    5    0    0    0    0    0    0 |   bs = 72
    3    6    0    0    0    0    0    0    0    0    0    0    0    0    0    0    0    0    0    0    0    0    0    0    0    0    0    0    0    0    0    0    0    0    0    0    1    1    0    0    0    0    0    0    0    0    0    1    0    0    0    0    0    0    0    0    0    0    1    0    0    0    3    0    0    0    0    1    0    0    0   13    2    0    0    0    0 |   bt = 73
    1    0    0    0    0    0    0    0    0    0    0    0    0    0    0    0    0    0    0    0    0    0    0    0    0    0    0    0    0    0    0    0    0    0    0    0    0    0    0    0    0    0    0    0    0    0    0    0    0    0    0    0    0    0    0    0    0    0    0    0    0    0    2    0    0    0    0    0    0    0    0    2    0    0    0    0    0 |   bu = 74
    0    0    0    0    0    0    0    0    0    0    0    0    0    0    0    0    0    0    0    0    0    0    0    0    0    0    0    0    0    0    0    0    0    0    0    0    0    0    0    0    0    0    0    0    0    0    0    0   13    0    0    0    0    0    0    0    0    0    0    0    0    0    0    0    0    0    0    0    0    0    0    0    0    4    0    0    0 |   bv = 75
    3    3    0    0    1    0    0    0    0    0    0    0    0    0    0    0    0    0    0    0    0    0    0    0    0    0    0    0    0    0    0    0    0    0    0    0    0    0    1    0    0    0    0    0    2    0    0    2    8    0    0    1    0    0    0    0    0    0    0    0    0    0   10    0    0    0    0    0    0    0    0    0    0    0    0    0    0 |   bw = 76
    1    0    0    0    0    0    0    0    0    0    0    0    0    0    0    0    0    0    0    0    0    0    0    0    0    0    0    0    0    0    0    0    0    0    0    0    0    0    1    0    0    0    0    0    0    0    0    0    0    0    0    0    0    0    0    0    0    0    0    0    0    0    5    0    0    0    0    0    0    0    0    0    0    0    0    0    0 |   bx = 8
    2    0    0    0    0    0    0    0    0    0    0    0    0    0    0    0    0    0    0    0    0    0    0    0    0    0    0    0    0    0    0    0    0    0    0    0    0    0    0    0    0    0    0    0    0    0    0    0    0    0    0    0    0    0    0    0    0    0    0    0    0    0    0    0    0    0    0    0    0    0    0    0    0    0    0    0    0 |   by = 9

