
Options: -I 10 -K 0 -S 1 

Random forest of 10 trees, each constructed while considering 8 random features.
Out of bag error: 0.274



Time taken to build model: 13.85 seconds
Time taken to test model on training data: 1.5 seconds

=== Error on training data ===

Correctly Classified Instances       41420               98.3521 %
Incorrectly Classified Instances       694                1.6479 %
Kappa statistic                          0.9808
Mean absolute error                      0.0057
Root mean squared error                  0.0401
Relative absolute error                  9.2606 %
Root relative squared error             22.9019 %
Total Number of Instances            42114     


=== Confusion Matrix ===

     a     b     c     d     e     f     g     h     i     j     k     l     m     n     o     p     q     r     s     t     u     v     w     x     y     z    aa    ab   <-- classified as
  2647     6    31     5     0     0     0     2     1     0     0    10     3     0    24    30     0    29     0     2     0     3     1     0    22     6    14     1 |     a = -1
     8 13243    19     2     0     0     0     0     0     0     0    27     2     0     2    24     0    41     2     0     0     0     2     1    21     6     8     0 |     b = 0
     4     0   651     0     0     0     0     0     0     0     0     0     0     0     0     0     0     0     0     0     0     0     1     0     0     0     0     0 |     c = 1
     1     3     0  2068     0     9     0     0     0     0     1     0     0     0     0     2     0     0     0     0     0     0     0     0     0     0     0     0 |     d = 10
     0     1     0     1   125     0     0     0     0     0     0     0     0     0     0     1     0     0     0     0     0     0     0     0     0     0     0     0 |     e = 11
     0     1     0     3     0   432     0     0     0     0     0     0     0     0     0     0     0     0     0     0     0     0     0     0     0     0     0     0 |     f = 12
     0     1     0     0     0     0   106     0     0     0     0     0     0     0     0     0     0     0     0     0     0     0     0     0     0     0     0     0 |     g = 13
     2     1     0     0     0     0     0   277     0     0     0     0     0     0     0     1     1     0     0     0     0     0     0     0     0     0     0     0 |     h = 14
     0     0     0     0     0     0     0     0   306     0     0     1     0     0     0     0     0     0     0     0     0     0     0     0     1     0     0     0 |     i = 15
     0     1     0     0     0     0     0     0     0   285     0     0     0     0     5     0     0     0     1     0     0     0     0     0     0     0     0     0 |     j = 16
     0     1     0     0     0     0     0     0     0     0   134     0     0     0    25     0     0     0     0     0     0     0     0     0     0     0     0     0 |     k = 17
     2     2     0     0     0     0     0     0     0     0     0  2349     0     0     0     0     0     1     0     0     0     0     0     0     1     1     0     0 |     l = 18
     1     4     1     0     0     0     0     0     0     0     0     8  3779     0     7     0     0     0     0     1     0     0     0     0     0     0     1     0 |     m = 19
     0     1     0     0     0     0     0     0     0     0     0     2     0   183     0     0     0     0     0     0     0     0     0     0     0     0     0     0 |     n = 2
     8     0     0     1     0     0     0     0     0     0     5     0     3     0  3286     1     0     0     0     0     0     0     0     0     3     0     0     0 |     o = 20
     5     2     0     1     0     0     0     0     0     0     0     0     0     0     0  1589     0     0     0     0     0     0     0     0     0     0     0     0 |     p = 21
     1     0     0     0     0     0     0     1     0     0     0     0     0     0     0     1   127     0     0     0     0     0     0     0     0     0     0     0 |     q = 22
     5    24     0     0     0     0     0     0     0     0     0     1     0     0     0     0     0  2490     4     7     0    12     0     0    12     0     2     0 |     r = 23
     0     2     0     0     0     0     0     0     0     0     0     0     0     0     0     0     0     6   212     1     0     0     0     0     0     0     0     0 |     s = 24
     1     0     0     0     0     0     0     0     0     0     0     0     0     0     0     0     0    22     1   198     0     0     0     0     0     0     0     0 |     t = 25
     1     0     0     0     0     0     0     0     0     0     0     0     0     0     0     0     0     0     0     1   154     0     0     0     0     0     0     0 |     u = 26
     1     0     1     0     0     0     0     0     0     0     0     0     0     0     0     0     0    30     0     0     0   184     0     0     0     0     0     0 |     v = 3
     1     0     1     0     0     0     0     0     0     0     0     0     0     0     0     0     0     0     0     0     0     0   237     0     2     0     0     0 |     w = 4
     3     2     0     0     0     1     0     0     0     0     0     0     0     0     0     0     0     0     0     0     0     0     0    98     0     0     0     0 |     x = 5
     3    17     0     0     0     0     0     0     0     0     1     0     0     0     5     0     0     2     0     0     0     0     0     0  3354     0     0     0 |     y = 6
     6     4     0     4     0     0     0     0     0     0     0     1     0     0     0     0     0     0     0     0     0     0     0     0     0  1015     2     1 |     z = 7
     4     3     1     0     0     0     0     0     0     0     0     2     0     0     0     0     0     0     0     0     1     0     0     0     0     2  1761     1 |    aa = 8
     0     0     0     0     0     0     1     0     0     0     0     0     0     0     0     0     0     0     0     0     0     0     0     0     0     0     0   130 |    ab = 9



=== Stratified cross-validation ===

Correctly Classified Instances       34203               81.2153 %
Incorrectly Classified Instances      7911               18.7847 %
Kappa statistic                          0.7802
Mean absolute error                      0.019 
Root mean squared error                  0.1   
Relative absolute error                 30.9356 %
Root relative squared error             57.0609 %
Total Number of Instances            42114     


=== Confusion Matrix ===

     a     b     c     d     e     f     g     h     i     j     k     l     m     n     o     p     q     r     s     t     u     v     w     x     y     z    aa    ab   <-- classified as
  1027   524    48    50    17     4    11    61    49    20     0    58   166     8   165    49    18   175    11     6    24     8    13    20    28    94   172    11 |     a = -1
   279 11932    43   123     4    15     5    17    15    22     5   126   155     9   114    48     6   196    12     1    12     1    17     5    50    76   114     6 |     b = 0
    33    45   554     0     0     0     0     0     0     0     0     0     4     0     2     0     0     3     0     0     0     0    15     0     0     0     0     0 |     c = 1
    30    71     0  1879     5    66     0     1     0     0     1     0     0     0     5     4     0     2     0     0     2     1     0     1     0    16     0     0 |     d = 10
    27    20     0     7    62    10     0     0     0     0     0     0     0     0     0     1     0     0     0     0     0     0     0     0     0     0     0     1 |     e = 11
    13    24     0   180    11   198     1     0     0     0     0     1     0     0     1     1     0     1     0     0     1     0     0     2     0     1     0     1 |     f = 12
    38    17     0     1     2     4    28     0     0     0     0     0     0     0     0     0     0     0     0     0     0     0     0     0     0     2     1    14 |     g = 13
    82    34     1     1     0     0     0   118    12     1     0     0     1     0     4     2    25     0     0     0     0     0     0     0     0     0     1     0 |     h = 14
    99    54     0     0     0     0     0    17   123     0     0     7     1     0     0     0     3     1     0     0     0     0     0     0     1     1     0     1 |     i = 15
    45    61     0     4     0     0     0     1     0    75     0     2    21     0    28     0     0    43     1     0     4     1     0     0     0     1     5     0 |     j = 16
     1    10     0     0     0     0     0     0     0     0    16     0     0     0   132     0     0     0     0     0     0     0     0     0     1     0     0     0 |     k = 17
    49   122     0     0     0     0     0     1     3     1     0  2119    30     4     2     0     0    16     0     0     1     0     0     0     1     1     6     0 |     l = 18
    52   151     3     1     0     0     0     0     0     4     1    19  3526     2    23     0     0     8     0     1     0     0     2     0     0     2     7     0 |     m = 19
     4    29     0     0     0     0     0     0     0     0     0    12     0   140     0     0     0     0     0     0     0     0     0     0     0     0     1     0 |     n = 2
    88   108     0     6     1     1     0     1     0     4    55     1    39     0  2959     2     0     6     0     0     0     0     0     1    35     0     0     0 |     o = 20
    23    22     0     2     0     0     0     0     0     0     0     0     1     0     2  1545     0     1     0     0     0     0     0     0     0     0     1     0 |     p = 21
    33    14     0     0     0     0     0    46     3     0     0     0     0     0     1     1    30     1     0     0     0     0     1     0     0     0     0     0 |     q = 22
   128   236     1     0     0     0     0     0     1    10     0     8    16     0    18     0     0  2019    14    42     3    42     1     0    14     0     4     0 |     r = 23
    23    49     0     2     0     1     0     0     0     5     0     1     7     0     1     0     0    63    64     2     1     1     0     0     0     0     1     0 |     s = 24
     9    11     0     1     0     0     0     0     0     1     0     0    11     1     1     0     0   134     4    38     2     8     0     0     0     0     1     0 |     t = 25
    35    31     0    14     0     0     0     0     0     4     0     0     2     0     0     0     0     5     0     1    63     0     0     0     0     0     1     0 |     u = 26
    12    10     1     0     0     0     0     0     0     3     0     0     7     0     0     0     0   152     2     4     0    24     0     0     0     0     1     0 |     v = 3
    22    24    14     0     0     0     0     0     0     0     0     0     1     0     1     0     0     1     0     0     0     0   176     0     2     0     0     0 |     w = 4
    28    29     0     2     0     1     0     0     0     1     0     0     2     1     1     0     0     1     0     0     0     0     0    37     1     0     0     0 |     x = 5
    18    75     0     1     0     1     0     0     0     0     2     3     1     0    80     0     0    18     1     0     0     0     2     0  3180     0     0     0 |     y = 6
    88    90     0    33     0     1     1     0     1     0     0     4     3     0     0     0     0     3     0     0     0     0     0     0     0   789    17     3 |     z = 7
   134   143     1     3     0     0     1     2     0     5     0    12    11     0     2     0     0    11     0     0     2     0     0     0     0    17  1431     0 |    aa = 8
    30    18     0     5     0     4    15     0     1     0     0     0     1     0     1     0     0     2     0     0     0     0     0     0     0     2     1    51 |    ab = 9

